2691322452.2865257 7.614195910684171e-18
3760174782.3812785 7.593493280375579e-18
5478414470.85437 8.446077680653977e-18
7980911060.896724 8.420247038234015e-18
12638243792.9741 7.118417265342488e-18
17655990058.981434 6.5394802939185295e-18
24663827344.004223 5.534077752853803e-18
34452167528.14717 4.5568145429601286e-18
48122479390.261086 3.552267008913894e-18
67211329920.97977 2.550892040761765e-18
93869534818.92554 1.7823485242510433e-18
131097534872.31763 1.2117339022704451e-18
183084706468.04044 8.015598636871474e-19
255673064394.2514 5.019874022145628e-19
357040831633.6236 3.1437620993518047e-19
498584160207.4765 1.9156695905499327e-19
696240157385.9221 1.167324328044543e-19
972253824820.768 7.113158206230479e-20
1357534838985.609 3.884988189917288e-20
1895547293553.691 2.1807348392106083e-20
2538297075675.3257 1.169914036170332e-20
7203949348848.69 1.739274399291763e-21
10057561713668.096 8.514352822706173e-22
14041540650255.867 4.168071698119814e-22
19604756435350.504 2.1552148336426355e-22
27369772628064.746 1.0265690853991835e-22
38212509707516.73 5.1648491779857524e-23
53347650897441.58 2.4601141445877388e-23
74481715851062.86 1.2377265883167048e-23
103991145595583.38 6.4000019585492575e-24
145179768984577.44 3.048440487037915e-24
202676559056875.44 1.4128283823584685e-24
282968371191566.6 7.108187469352561e-25
395057171901153.9 3.479704873977975e-25
551499413402660.9 1.5691634266472266e-25
769979969315845.5 7.894736505817258e-26
1074921745744286 3.658889800895568e-26
1500674791395720.8 1.7427975614539205e-26
2095237588721946 9.011608793044641e-27
3455751123326174.5 2.6191603799526942e-27
4824772391841402 1.3177455397608963e-27
6735759446047022 6.276668165162974e-28
9404446893401046 3.245521985985493e-28
13127853716207516 1.3856019088466197e-28
18328549688244660 6.971206304288113e-29
25585185589846036 2.9761982213940644e-29
35720945365768860 1.497377541942344e-29
49866403691916680 6.752383204305394e-30
69617397968079280 3.2162862569912455e-30
85752715748545940 1.8573647149993226e-30
