2933997.2268404667 0.0022044477436747355
4101242.9044878827 0.0035329708951364045
5895769.561893946 0.00655048370083263
8356954.8547178 0.010496979610347524
11681199.101508215 0.01622021871924243
16325451.89621662 0.02185845378952832
22812301.072311766 0.024995776034296566
31867633.041296106 0.021739751225777544
44511162.34220472 0.01648970531965344
62167503.73742496 0.011841299640161751
86810389.2885894 0.007020764057209448
121200964.59997825 0.0035322695749805074
169196424.3024781 0.0015928673352639156
236177942.05176362 0.0006616793781382811
316178401.99563533 0.00027495612413133875
405993468.73823565 0.00012751776598768588
499935130.46958387 0.00005449642657931239
647188155.6565411 0.000020192085909857725
830899374.7841753 0.00000803391640538031
1080203300.1640615 0.0000031441085811144983
1357935730.7766585 0.0000010792786120266374
1743182641.6291766 3.8069890501287274e-7
2207134041.255524 1.5826850409223368e-7
2665314039.286021 6.727963368720706e-8
3365071450.4706287 2.6192691255896094e-8
4040949371.7123184 1.0893820432689775e-8
5102332151.212355 4.629261084724247e-9
6549494315.890653 1.5459230895972016e-9
8548874216.759152 5.161845134043118e-10
10883069436.4121 1.8611926454949286e-10
13855539278.160984 7.166447155423538e-11
17934065581.650116 2.315727438656987e-11
23022402460.019028 8.318776339202774e-12
30180101895.83913 3.12728474031876e-12
38259585067.007454 1.1092693383965414e-12
48700504537.83726 3.5849216563442443e-13
61665734823.01891 1.5742162363402648e-13
74466953839.00932 6.691962644930566e-14
94019804887.89009 2.662923883871517e-14
112901213850.84006 1.0835528584336381e-14
143747468720.57547 4.455422514554284e-15
186073739819.24893 1.537441684506635e-15
233641345732.93555 6.533559070101919e-16
282130260361.6075 2.658406951743467e-16
356209441432.4259 1.0578563779358092e-16
457261015296.5828 3.69079901518822e-17
591905453611.4172 1.2829204637084653e-17
775929746416.2517 4.822893927669311e-18
897497706309.7921 2.300755365555556e-18
1142629365225.7039 8.858965666300761e-19
1491442582977.7268 2.9580131848063155e-19
1898596119627.4543 1.0283443438058574e-19
2488872499249.759 3.8658637316907487e-20
3102985851106.3857 1.4328235955469536e-20
3726392711947.899 6.226016854398124e-21
4783951699400.286 2.3710403049506314e-21
6219686399368.279 9.801239740067682e-22
6900125532050.152 5.031382644508563e-22
8567949734226.172 2.12279644713979e-22
10817643542164.143 8.447215950866958e-23
14002568104743.361 2.851770777138991e-23
17730384105517.934 1.2522739100164407e-23
21410071356629.273 5.095314256985516e-24
27031731900004.203 2.0275716931918123e-24
34700251414211.285 7.074079019174586e-25
45293280720966.71 2.3620386168420382e-25
57660214268078.7 8.516739243197708e-26
73407161653725.66 3.2083163637579e-26
91156556497631.45 1.4455210124733235e-26
