1071603920006153.8 1.8526082651912566e-27
1497698503537245 2.565855844881472e-27
2093218180356044 3.55370120084871e-27
2925115473594482.5 4.2923976079986815e-27
4087745502463366.5 5.328499182297487e-27
5712155867198840 6.262359776050261e-27
7981630441126125 6.967857770118484e-27
11152464888627216 7.543529893300745e-27
15580314198101430 6.930018745037884e-27
21766764348042590 6.54304831378748e-27
30405346315675550 5.387610916052337e-27
42474733952091980 4.68580454775856e-27
59331693715683790 3.8583379674569946e-27
82871628639456640 2.9265678087224938e-27
115747783875640700 2.159886806664164e-27
161661713782401150 1.5510202499531514e-27
225769214072545540 1.0259971911316361e-27
315298760790963300 6.78695353101807e-28
440319064515483400 4.368352291723205e-28
614841887501404400 2.5200939892044373e-28
858537767476096800 1.4538373488002204e-28
1198755818881528600 7.940412354672866e-29
1673699235717619000 4.1058061692532516e-29
2336813792700021000 2.123018748460523e-29
3262282217237856000 9.839329837200378e-30
4554530180381674000 4.8166940079735384e-30
6357578592158391000 2.0008616068143423e-30
8164467275132403000 1.0353043670122445e-30
