158042.47044260628 0.2893454478154358
230378.72448013426 0.526716286450584
322010.04732291785 0.7919233995870493
450176.3702466099 1.4420857088024484
629284.0142949852 2.3537225803671515
879626.6665111477 3.737950538446248
1229456.3747258517 5.468321680861394
1718219.2934275044 7.170193271170668
2401014.5475474405 8.426824963596019
3354571.781671188 8.403912834207315
4686566.171375921 7.93464054313689
6546153.701617721 6.185452921826898
9142571.699540628 4.321873568491124
12766279.03120197 2.493280503656332
17822218.096233506 1.1555342725976734
21225081.99385097 0.5132615112548164
26799385.78741818 0.2133837886766891
33247864.217704065 0.038611010952952475
34626934.20026854 0.012567256481567101
