0.24113475177304977 0.007721479713320615
0.2978723404255348 0.01805861719581399
0.4113475177304977 0.038272576564628555
0.6950354609929086 0.08733261623828438
1.0921985815602824 0.1783761961433155
1.4326241134751783 0.27787550653702126
1.8297872340425556 0.4070292957027183
2.2836879432624144 0.5469755509920908
3.0780141843971656 0.7913994095772038
3.9858156028368796 1.0766773117631416
4.950354609929079 1.3604727255714593
5.914893617021278 1.6772543638206348
6.879432624113477 1.9205360334611963
7.7872340425531945 1.9928070027227551
8.978723404255323 2.0934163654324656
10 2.119352558926838
11.531914893617024 1.9928070027227551
12.893617021276597 1.761932655504434
14.02836879432624 1.5966457016201672
15.560283687943262 1.2792395314845344
17.0354609929078 1.0376306239520605
18.56737588652482 0.8211802631548857
19.418439716312058 0.7083817756439653
20.666666666666664 0.5889161658423273
21.97163120567376 0.4547304227398082
23.04964539007092 0.36433200699889634
24.411347517730498 0.2919044002468139
25.262411347517734 0.23387508439166652
26.56737588652482 0.1897032915036207
28.156028368794324 0.13773281798599082
29.801418439716315 0.09877622090835593
31.56028368794326 0.06997127475846168
33.37588652482269 0.05018047400644968
35.07801418439716 0.03643320069988965
36.43971631205674 0.027787550653702142
37.744680851063826 0.021991051180936506
39.163120567375884 0.016567284756025088
40.52482269503546 0.013111339374215644
41.659574468085104 0.010635011599373084
43.07801418439716 0.00831354202057167
44.666666666666664 0.006035992105684838
46.53900709219858 0.004382392079060478
48.18439716312056 0.0032611365502494805
49.716312056737586 0.002456825615644065
51.19148936170212 0.0018970329150362077
52.5531914893617 0.0015199110829529348
53.971631205673766 0.0011881364244498511
