179700.9352459915 3060312.8621631507
261229.09614059367 6894199.343315597
356159.1541505513 12625762.087351048
495043.03210469225 27415497.17392851
696315.6292851735 56574218.293186046
973614.7828438932 119756485.4442613
1361306.3125086385 246657086.93774012
1903294.8912196266 487595027.38342696
2660315.440907582 733104180.8281941
3718434.950769115 1102229739.3635087
5195939.331664691 1260431683.2634418
7260729.739924328 1481332060.6206717
10142297.62021442 1219743519.741562
14165063.549909662 852254045.8932737
19776096.961872403 417207983.0686206
23552022.38394767 185314105.32375517
29736771.503771175 75374155.86674932
34523971.911626026 23079077.36076937
38452575.18606106 9500144.4644179
41765455.84478263 3743804.6546787666
45381773.0832847 2164208.4503913196

