78.39338120358171 0.04121520079202108
78.39338120358171 0.04121520079202108
43465.3962845358 112615939.21451356
100125.8277967795 1941354587.1426907
204765.71560929323 15816122810.641867
329947.5517388366 52431403110.301254
501002.2576432951 95418925580.12427
760860.1383334678 128652899628.6084
1026087.0179028386 52276658182.30695
1157467.8356620215 7438678532.692073
1091434.1603420738 1230312511.5523636
1092318.8384528628 274615795.96822625
914125.7229536064 39106711.17469791
1093647.20034243 28959471.043974694
1564492.7680077637 45370361.09195218
2237506.5223091785 111465591.31860095
2371342.0032115094 2236933716.2762327
2840490.4366067387 174685781.5839511
3828169.7528357054 235601329.3733921
4315183.146295979 129278601.01297964
4865336.052338074 45236455.973192334
5172673.463519166 2618003.0732342196
5833094.999005822 678694.134752697
6981460.830289807 237447.971682505
9413590.247898314 130231.0936460734
13468585.30165412 151160.49767770967
20457733.009351887 150995.9798653301
31078740.331489094 111746.63935766669
39489305.75884269 33645.9105030991
50196279.648657575 4786.137117807429
