167588.96034370235 3322827.4876530417
234173.08255839872 3697166.907776955
327239.3263727375 4465685.068717542
457266.4869169957 5106640.428100269
638905.0268230307 5379286.724913244
892568.697597984 4941792.286352464
1170324.0845088451 2291489.5626191604
1271045.1780148423 831846.2850807636
1457605.0900349526 317081.42216717586
1874481.0044467223 149588.2438446488
2494378.5556078716 81916.55878255492
2745292.3792979266 33319.12615770926
2978488.5223929775 4474.696217060109
3167163.5470316624 1293.3417258377701
3370019.754409491 707.947824279336
